Work as a processor

PC and GPR
0: li r0, 10   # This is decimal 10.
1: li r1, 0
2: li r2, 0
3: li r3, 1
4: add r1, r1, r3
5: add r2, r2, r1
6: bner0 r1, 4
7: bner0 r3, 7


State 
( 0, 0, 0, 0, 0) | ( 4,10, 1, 1, 1)	 ( 4,10, 2, 3, 1)	(4,10, 3, 6, 1)  ( 4,10, 4, 10, 1)	
( 1,10, 0, 0, 0) | ( 5,10, 2, 1, 1)  ( 5,10, 3, 3, 1)	(5,10, 4, 6, 1)  ( 5,10, 5, 10, 1)	
( 2,10, 0, 0, 0) | ( 6,10, 2, 3, 1)  ( 6,10, 3, 6, 1)   (6,10, 4,10, 1)  ( 6,10, 5, 15, 1)	
( 3,10, 0, 0, 0) | 
( 4,10, 0, 0, 1) |
( 5,10, 1, 0, 1) | ( 4,10, 5,15, 1)  ( 4,10, 6,21, 1)   ( 4,10, 7,28, 1)  ( 4,10, 8,36, 1)   
( 6,10, 1, 1, 1) | ( 5,10, 6,15, 1)  ( 5,10, 7,21, 1)   ( 5,10, 8,28, 1)  ( 5,10, 9,36, 1)   
				 | ( 6,10, 6,21, 1)  ( 6,10, 7,28, 1)   ( 6,10, 8,36, 1)  ( 6,10, 9,45, 1)   
				 |
				 | ( 4,10, 9,45, 1)
  			     | ( 5,10,10,45, 1)
  			     | ( 6,10,10,55, 1)
